0 0.583252 0.693604 0.079590 0.130371
0 0.829102 0.656982 0.180664 0.089355
0 0.289551 0.681152 0.134766 0.123047
0 0.522949 0.565918 0.012695 0.019531
0 0.423340 0.564697 0.023438 0.020020
0 0.449707 0.539307 0.012695 0.007324
0 0.509033 0.538818 0.007324 0.007324
0 0.621338 0.562256 0.039551 0.019043
0 0.569824 0.538574 0.017578 0.009766
0 0.547607 0.526611 0.011230 0.006348
0 0.503174 0.527100 0.007324 0.006348
0 0.461426 0.528076 0.006836 0.005371
0 0.499512 0.521484 0.004883 0.002930
0 0.465820 0.521729 0.003906 0.003418
0 0.534424 0.521240 0.007324 0.003418
