     0/199     1.99G   0.08078   0.03419   0.03317    0.1481        18       640  0.000682    0.2372 0.0002229 4.258e-05   0.03038    0.0233   0.01391
     1/199     1.95G   0.06696   0.03002   0.03189    0.1289        19       640  0.002465    0.2039  0.002096 0.0003597   0.02201   0.02085   0.01289
     2/199     1.95G   0.05498   0.03073   0.03003    0.1157        16       640  0.007949    0.3125  0.007319  0.001484   0.01846   0.01897   0.01245
     3/199     1.95G   0.05116   0.02896   0.02848    0.1086        15       640   0.05341    0.1261   0.04509   0.01025   0.01562   0.01741   0.01177
     4/199     1.95G   0.03878   0.02758   0.02451   0.09087        13       640    0.7544    0.1963    0.1837   0.04291   0.01547   0.01523   0.01115
     5/199     1.95G   0.04313   0.02651   0.02778   0.09743        17       640    0.6716    0.3864    0.3149    0.1311   0.01283   0.01374   0.01076
     6/199     1.95G   0.03685   0.02313   0.02526   0.08524        12       640    0.9736    0.1517    0.2347     0.127   0.01356    0.0121   0.01089
     7/199     1.95G   0.03509   0.02189   0.02636   0.08335        14       640    0.1426    0.5163    0.3093    0.1862    0.0117   0.01058   0.01019
     8/199     1.95G   0.02997   0.01925   0.02213   0.07135        17       640    0.7053    0.3875    0.2771    0.1108   0.01718  0.008647   0.01027
     9/199     1.95G   0.03209   0.01834   0.02614   0.07657        15       640    0.5999    0.5022    0.4571    0.2306   0.01582  0.007982   0.01011
    10/199     1.95G   0.03289   0.01533   0.02168    0.0699        12       640    0.8309    0.4125    0.4309    0.2468   0.01995  0.007138  0.008991
    11/199     1.95G    0.0319   0.01456   0.02049   0.06696        15       640    0.8464     0.425    0.4503    0.2379    0.0199  0.006572  0.008404
    12/199     1.95G   0.03524   0.01555    0.0189   0.06969        14       640    0.8454    0.4375    0.5372    0.3661   0.01681  0.006498   0.00786
    13/199     1.95G   0.03058   0.01555   0.01729   0.06342        15       640    0.5076    0.7677    0.6404    0.3182   0.01628   0.00582   0.00705
    14/199     1.95G   0.03141   0.01378   0.01778   0.06296        16       640    0.9514    0.4847    0.6167    0.3847   0.01244  0.005862  0.005989
    15/199     1.95G   0.03037   0.01389   0.01745   0.06171        17       640    0.4159    0.9217    0.6976    0.4444   0.01133  0.005428  0.005772
    16/199     1.95G   0.02876   0.01347   0.01472   0.05695        11       640    0.4089    0.7854    0.6416    0.2819   0.01762  0.004917  0.005316
    17/199     1.95G   0.03288   0.01306   0.01623   0.06217        19       640    0.6392    0.8308    0.8055    0.4217    0.0127  0.004641  0.004752
    18/199     1.95G   0.03403   0.01268   0.01368   0.06039        17       640    0.6339     0.904    0.8685    0.5126   0.01375  0.004382  0.004595
    19/199     1.95G   0.03014   0.01178   0.01097   0.05289        20       640     0.733    0.9318    0.8656    0.3046   0.01346  0.004366  0.004085
    20/199     1.95G   0.02901   0.01229   0.01161   0.05291        17       640    0.7142    0.9318    0.8728    0.4871   0.01345   0.00414  0.004301
    21/199     1.95G   0.03124   0.01248   0.01394   0.05766        12       640     0.771    0.9318    0.9199    0.5047   0.01224  0.004128  0.003531
    22/199     1.95G   0.03186   0.01185   0.01164   0.05536        16       640     0.706    0.8864    0.9115    0.4808   0.01501  0.003882  0.003346
    23/199     1.95G   0.03173   0.01209   0.01275   0.05658        19       640    0.7297    0.9318    0.9235    0.5956    0.0109   0.00381  0.003227
    24/199     1.95G   0.02854   0.01132   0.01001   0.04987        12       640    0.7687    0.6666    0.7641    0.3858   0.02087  0.004038  0.003045
    25/199     1.95G   0.03926   0.01216    0.0114   0.06283        16       640    0.8636    0.6756    0.7889    0.4946   0.01724  0.003648   0.00275
    26/199     1.95G   0.02999    0.0105  0.009378   0.04987        16       640    0.5732    0.8636    0.8025    0.4019   0.01329  0.003703  0.002671
    27/199     1.95G   0.03333   0.01031  0.009445   0.05308        11       640    0.7628    0.9091    0.9149    0.4937   0.01491  0.003319  0.003172
    28/199     1.95G   0.03246   0.01179   0.01116   0.05541        13       640    0.7452         1    0.9607    0.4336   0.01232  0.003167  0.002738
    29/199     1.95G   0.03594   0.01125  0.008141   0.05533        16       640    0.7491         1    0.9477    0.5451   0.01081  0.003092  0.002594
    30/199     1.95G   0.03383   0.01063   0.01018   0.05464        18       640    0.4969    0.9545    0.8017    0.4443    0.0178  0.003159  0.002483
    31/199     1.95G   0.03239   0.01002  0.007759   0.05017        10       640    0.9195    0.9653    0.9951    0.4952    0.0148   0.00302  0.002124
    32/199     1.95G   0.03549   0.01024  0.008288   0.05401        16       640    0.6598    0.9034    0.8135    0.5204    0.0141  0.003111  0.002302
    33/199     1.95G   0.03691   0.01114  0.007027   0.05508        20       640    0.9018    0.9091    0.9208    0.3973   0.01517  0.003202  0.001933
    34/199     1.95G   0.03349   0.01011  0.009277   0.05288        12       640    0.6487         1    0.9664    0.6017   0.01387  0.002968  0.001868
    35/199     1.95G   0.03529   0.01043  0.006838   0.05256        19       640    0.8539         1    0.9946    0.5898    0.0105  0.002938  0.001863
    36/199     1.95G    0.0342   0.00978   0.01021   0.05419        15       640    0.9588    0.9875    0.9881    0.5944   0.01152  0.002779  0.001804
    37/199     1.95G   0.03427   0.01028  0.008326   0.05288        17       640    0.9939         1    0.9951    0.6263   0.01314  0.002724  0.001516
    38/199     1.95G    0.0275  0.009333  0.008457   0.04529        11       640    0.9661    0.9779    0.9951    0.6749   0.01483  0.002652  0.001234
    39/199     1.95G   0.03339   0.00993  0.007026   0.05034        17       640    0.7828    0.9804    0.9895    0.5239   0.01799  0.002996  0.001258
    40/199     1.95G   0.03491  0.009762   0.00805   0.05272        13       640    0.7789    0.9775    0.9883    0.4921   0.01572  0.003125    0.0011
    41/199     1.95G   0.02871  0.009347  0.005831   0.04388        17       640    0.7878    0.9957    0.9951    0.6802    0.0126  0.002818  0.001101
    42/199     1.95G   0.03076  0.009807   0.00683    0.0474        17       640    0.8586         1    0.9431    0.5861     0.013  0.002642   0.00106
    43/199     1.95G   0.03137  0.009548  0.007737   0.04865        11       640    0.9833         1    0.9951    0.7055   0.01004  0.002687  0.001022
    44/199     1.95G   0.02608   0.00963  0.005858   0.04156        14       640    0.8577    0.9923    0.9553    0.6611   0.01472  0.003254  0.001136
    45/199     1.95G    0.0277   0.00948  0.008108   0.04529        17       640      0.85    0.9875    0.9378    0.5819    0.0119  0.002701  0.001766
    46/199     1.95G   0.02821  0.009691  0.007008   0.04491        15       640    0.7327    0.8208    0.8855    0.3453   0.02316  0.003156  0.002482
    47/199     1.95G   0.03507    0.0098  0.008895   0.05376        12       640    0.4892    0.9167    0.7643    0.4138   0.01604  0.002983  0.004963
    48/199     1.95G   0.03271    0.0108  0.009576   0.05309        14       640    0.8274    0.9194    0.9744    0.5674   0.01257  0.002971  0.001261
    49/199     1.95G   0.02962   0.01043  0.008331   0.04838        15       640    0.9642         1    0.9951     0.631   0.01076  0.003214 0.0009154
    50/199     1.95G   0.02826   0.01019  0.008997   0.04745        22       640     0.994    0.9999    0.9951    0.7821   0.01036  0.002642 0.0009417
    51/199     1.95G    0.0246  0.009429  0.005694   0.03972        14       640    0.8506         1     0.992    0.5642   0.01027  0.002621  0.001419
    52/199     1.95G   0.02894  0.009742  0.005768   0.04445        13       640    0.6744    0.9902    0.9147    0.6761    0.0132  0.002684  0.001173
    53/199     1.95G    0.0297  0.009757  0.008486   0.04794        19       640    0.8084         1    0.9583    0.6883  0.009843  0.002713  0.001186
    54/199     1.95G   0.03032    0.0091  0.007559   0.04698        12       640    0.9048    0.9722    0.9852    0.8041   0.01042  0.002648  0.001243
    55/199     1.95G   0.02873  0.009714   0.01038   0.04882        15       640    0.9872         1    0.9951     0.708  0.008673  0.002606  0.001134
    56/199     1.95G   0.02928   0.01015  0.009463   0.04889        13       640    0.9357         1    0.9662    0.6566   0.00991  0.002501 0.0009871
    57/199     1.95G   0.02338  0.009807  0.006618    0.0398        15       640    0.9056         1    0.9822    0.7637  0.009134  0.002683 0.0009128
    58/199     1.95G    0.0244  0.009744  0.004818   0.03897        11       640    0.8804     0.975    0.9783    0.6589  0.008221  0.002544  0.001042
    59/199     1.95G   0.02301  0.009127  0.006536   0.03867        12       640    0.9909         1    0.9951    0.7689   0.00793  0.002418  0.000845
    60/199     1.95G   0.02315  0.008884   0.00547   0.03751        17       640    0.9903         1    0.9947    0.7283   0.01179  0.002577 0.0007996
    61/199     1.95G   0.02306  0.009191  0.004425   0.03668        16       640    0.9936         1    0.9951    0.7591  0.008101  0.002529  0.000827
    62/199     1.95G   0.02546  0.009032  0.004586   0.03908        17       640    0.9938         1    0.9952    0.8199  0.007913  0.002325 0.0008091
    63/199     1.95G    0.0209  0.009302  0.005219   0.03542        14       640    0.9898         1    0.9952    0.7698   0.00645  0.002218 0.0008464
    64/199     1.95G   0.02004  0.008984  0.004211   0.03323        15       640     0.981         1    0.9952    0.8146  0.007124  0.002256 0.0008396
    65/199     1.95G   0.02447  0.008478  0.005065   0.03801        11       640    0.9762         1    0.9952    0.8194   0.00815  0.002361 0.0008314
    66/199     1.95G   0.02691  0.008428     0.004   0.03933        10       640    0.9807         1    0.9952    0.7306  0.008168  0.002409 0.0008171
    67/199     1.95G   0.02048  0.008719  0.004825   0.03403        18       640    0.9905         1    0.9952    0.7731   0.00872  0.002436  0.000816
    68/199     1.95G   0.02578  0.008344  0.005666   0.03979        11       640    0.9448         1    0.9646     0.709  0.009045  0.002127   0.00102
    69/199     1.95G    0.0212  0.008494  0.005874   0.03557        15       640    0.9931         1    0.9953    0.8416  0.005069  0.002154  0.001088
    70/199     1.95G   0.02034  0.008496  0.004623   0.03346        14       640    0.9939         1    0.9952    0.8188  0.006723  0.002185  0.001043
    71/199     1.95G   0.01903   0.00821  0.004949   0.03219        18       640    0.9974         1    0.9952    0.8083  0.006657  0.002062 0.0009387
    72/199     1.95G   0.02217   0.00926  0.004182   0.03562        15       640     0.991         1    0.9952    0.7982  0.006518  0.002145 0.0009776
    73/199     1.95G   0.01647  0.009084  0.004339    0.0299        15       640    0.9978         1    0.9953    0.8344  0.005709  0.002158  0.001026
    74/199     1.95G   0.02025  0.007891  0.005515   0.03365        17       640    0.9921         1    0.9953    0.8442  0.005737  0.002013   0.00108
    75/199     1.95G   0.01895  0.007818  0.003854   0.03062        15       640    0.9933         1    0.9953    0.8388  0.005732  0.001997 0.0009641
    76/199     1.95G   0.01997  0.008539  0.006952   0.03546        11       640    0.9976         1    0.9953    0.7698  0.007103  0.002193  0.000792
    77/199     1.95G   0.01491  0.008093  0.004921   0.02793        16       640    0.9983         1    0.9953    0.8232  0.005431  0.002137 0.0007617
    78/199     1.95G   0.01841  0.007832   0.00791   0.03415        14       640    0.9212         1    0.9745       0.7   0.01059  0.002219 0.0008202
    79/199     1.95G   0.02205  0.007715  0.004179   0.03394        13       640    0.9977         1    0.9953    0.7537  0.005063  0.001998 0.0008848
    80/199     1.95G   0.02355  0.008521  0.004722    0.0368        10       640    0.9954         1    0.9954    0.8652    0.0042  0.002011 0.0007931
    81/199     1.95G   0.02081  0.008218  0.004753   0.03378        18       640    0.9954         1    0.9953    0.8099  0.006976  0.002171 0.0007276
    82/199     1.95G   0.02305  0.008912  0.005172   0.03713        14       640    0.9957         1    0.9953    0.7933  0.007017  0.002024 0.0006555
    83/199     1.95G   0.01779  0.008327  0.004539   0.03066        19       640    0.9952         1    0.9953    0.8062  0.005451   0.00194 0.0006705
    84/199     1.95G   0.02179   0.00898  0.005811   0.03658        15       640    0.9973         1    0.9953    0.7531  0.006467  0.001965 0.0006521
    85/199     1.95G   0.01812  0.008204  0.004328   0.03065        18       640     0.999         1    0.9953    0.8208  0.007827  0.001898 0.0005885
    86/199     1.95G   0.02011  0.008718  0.004337   0.03316        21       640    0.9971         1    0.9953    0.8662  0.007237  0.001861 0.0005904
    87/199     1.95G   0.01593  0.008379  0.003112   0.02742        19       640    0.9969         1    0.9953    0.8456  0.004995  0.001856 0.0006439
    88/199     1.95G    0.0199  0.008108   0.00567   0.03368        12       640    0.9975         1    0.9953    0.8744  0.004711  0.001866 0.0007111
    89/199     1.95G   0.01792   0.00751  0.004047   0.02948        14       640    0.9959         1    0.9953    0.8899  0.004618  0.001789 0.0006796
    90/199     1.95G   0.01704  0.007529  0.002558   0.02713        17       640    0.9981         1    0.9954    0.8228  0.005637  0.001959 0.0006673
    91/199     1.95G    0.0216   0.00775  0.003992   0.03334        13       640    0.9985         1    0.9954     0.856  0.006033   0.00195 0.0006281
    92/199     1.95G   0.01726  0.007763   0.00424   0.02927        10       640     0.842     0.977    0.9589    0.8494  0.006077   0.00178 0.0005847
    93/199     1.95G   0.02111   0.00733  0.003313   0.03175        13       640    0.9987         1    0.9953    0.8455  0.007773  0.001895 0.0005745
    94/199     1.95G   0.01835  0.007756  0.002864   0.02897        14       640    0.9952         1    0.9953    0.8571  0.006048  0.001923 0.0006035
    95/199     1.95G   0.01657  0.007796   0.00641   0.03078        16       640    0.9835         1    0.9953    0.8723  0.004868  0.001954 0.0006233
    96/199     1.95G   0.01651  0.007292  0.003363   0.02717        16       640    0.9933         1    0.9954    0.8661  0.004985  0.001869  0.000583
    97/199     1.95G   0.01413  0.007294  0.002148   0.02357        21       640     0.989         1    0.9953    0.8871  0.005401   0.00183 0.0006444
    98/199     1.95G   0.01542  0.007442  0.002429   0.02529        15       640    0.9943         1    0.9953     0.825  0.005764  0.001787 0.0006024
    99/199     1.95G   0.01727  0.007008  0.002123    0.0264         7       640    0.9968         1    0.9954    0.8986    0.0033  0.001671 0.0005143
   100/199     1.95G   0.01928   0.00787  0.002972   0.03013        14       640    0.9973         1    0.9955    0.8788  0.004776  0.001718 0.0004934
   101/199     1.95G   0.01454  0.006935   0.00234   0.02381        11       640    0.9983         1    0.9955     0.897  0.004552  0.001679 0.0005028
   102/199     1.95G   0.01746  0.007904  0.002214   0.02758        14       640    0.9986         1    0.9955    0.9002  0.004089  0.001702  0.000553
   103/199     1.95G   0.01508  0.007369   0.00224   0.02469        16       640    0.9988         1    0.9955    0.9113  0.004932  0.001737 0.0005529
   104/199     1.95G   0.01949  0.007057  0.002207   0.02875        16       640    0.9961         1    0.9954    0.8846  0.005385  0.001763 0.0005746
   105/199     1.95G   0.01517  0.007484  0.002289   0.02495        15       640    0.9954         1    0.9954    0.8943  0.004453  0.001847 0.0005557
   106/199     1.95G   0.01503  0.007174  0.002156   0.02436        14       640    0.9976         1    0.9954    0.8783  0.004188  0.001698 0.0005479
   107/199     1.95G   0.01326  0.006854  0.002019   0.02213        15       640    0.9979         1    0.9954    0.8779  0.004649  0.001759 0.0005219
   108/199     1.95G   0.01748  0.007343   0.00147    0.0263        15       640    0.9973         1    0.9954    0.8657  0.005513  0.001756 0.0005142
   109/199     1.95G   0.01308  0.006924    0.0021    0.0221        16       640     0.989         1    0.9954    0.8855  0.004279  0.001742 0.0005198
   110/199     1.95G   0.01521  0.006981  0.002644   0.02484        15       640    0.9951         1    0.9955    0.8335  0.005493  0.001772 0.0005536
   111/199     1.95G   0.01564  0.006912  0.001647    0.0242         9       640    0.9953         1    0.9955    0.8915  0.005539  0.001774 0.0006305
   112/199     1.95G   0.01432  0.006562  0.001589   0.02247        14       640    0.9931         1    0.9956    0.8908  0.004648  0.001647 0.0006426
   113/199     1.95G   0.01271  0.007129  0.002027   0.02187         9       640    0.9975         1    0.9956    0.9088  0.004603  0.001628 0.0005429
   114/199     1.95G   0.01446  0.007328  0.002467   0.02425        14       640    0.9983         1    0.9957    0.8825  0.004132  0.001701 0.0004748
   115/199     1.95G   0.01219  0.006358  0.001376   0.01993        12       640    0.9968         1    0.9958    0.8827  0.004132  0.001679 0.0004572
   116/199     1.95G   0.01478  0.006802  0.002199   0.02378        17       640     0.995         1    0.9959    0.8861  0.004962  0.001733  0.000461
   117/199     1.95G   0.01442  0.007019  0.001884   0.02332        15       640    0.9949         1    0.9958    0.8583  0.003984  0.001708 0.0004659
   118/199     1.95G   0.01625  0.006981  0.002651   0.02588        15       640    0.9946         1    0.9958    0.8723  0.004287  0.001701 0.0004832
   119/199     1.95G   0.01247  0.006442  0.002879   0.02179        15       640     0.998         1    0.9958    0.9135  0.004498  0.001616  0.000463
   120/199     1.95G   0.01442  0.006699  0.003532   0.02465        20       640    0.9984         1    0.9957    0.9185  0.004898  0.001583 0.0004789
   121/199     1.95G   0.01329  0.006897  0.001617    0.0218        18       640    0.9968         1    0.9957    0.9138  0.003594  0.001531 0.0005111
   122/199     1.95G   0.01562  0.006705  0.003028   0.02535        15       640    0.9968         1    0.9956    0.9018  0.003841  0.001579 0.0005322
   123/199     1.95G   0.01295  0.006712  0.002684   0.02235        12       640    0.9954         1    0.9957    0.9125  0.003121  0.001544 0.0005283
   124/199     1.95G   0.01517  0.006525   0.00241    0.0241        19       640    0.9976         1    0.9956    0.9027  0.003362  0.001578 0.0004766
   125/199     1.95G   0.01194   0.00685  0.004357   0.02314        19       640    0.9964         1    0.9956    0.9071  0.003919  0.001602 0.0004434
   126/199     1.95G   0.01576  0.006926  0.003131   0.02582         9       640    0.9951         1    0.9956     0.879  0.004169  0.001628 0.0004601
   127/199     1.95G    0.0144  0.006918  0.004176   0.02549        11       640    0.9929    0.9952    0.9956    0.8879  0.003335  0.001612  0.000568
   128/199     1.95G   0.01344  0.007371  0.002806   0.02362        17       640    0.9888         1    0.9956    0.8983  0.003518  0.001629 0.0005632
   129/199     1.95G   0.01213  0.006926   0.00376   0.02282        14       640    0.9978         1    0.9956    0.9149  0.003392  0.001591 0.0003996
   130/199     1.95G   0.01468  0.007392  0.003249   0.02532        16       640    0.9993         1    0.9956    0.8778  0.004339  0.001615 0.0003668
   131/199     1.95G   0.01382  0.007237  0.003825   0.02489        13       640    0.9994         1    0.9956    0.9231  0.003092  0.001533 0.0003977
   132/199     1.95G   0.01526  0.006882  0.002681   0.02482        12       640    0.9994         1    0.9956    0.9179  0.003541  0.001563 0.0004236
   133/199     1.95G   0.01636  0.007203  0.003454   0.02701        24       640    0.9994         1    0.9956    0.9047    0.0038  0.001564 0.0004191
   134/199     1.95G   0.01446   0.00631  0.003329    0.0241        17       640    0.9992         1    0.9956    0.9048  0.004622  0.001587 0.0004065
   135/199     1.95G   0.01027  0.006042   0.00137   0.01768        13       640     0.999         1    0.9957    0.9278  0.002964  0.001516 0.0003758
   136/199     1.95G   0.01241  0.006857  0.002839   0.02211        14       640     0.998         1    0.9957    0.9173   0.00308  0.001579 0.0003532
   137/199     1.95G   0.01502  0.007254  0.002047   0.02432        17       640    0.9984         1    0.9956    0.9258   0.00347   0.00159 0.0003489
   138/199     1.95G   0.01405  0.006743   0.00193   0.02272        16       640    0.9988         1    0.9957    0.9166  0.003722  0.001593 0.0003469
   139/199     1.95G   0.01452  0.006333  0.002484   0.02333        12       640    0.9973         1    0.9957    0.9089  0.003332  0.001574 0.0003529
   140/199     1.95G   0.01657    0.0068  0.003861   0.02724        14       640    0.9966         1    0.9957    0.9118  0.003226  0.001586 0.0003592
   141/199     1.95G   0.01114  0.006591  0.003405   0.02114        13       640    0.9964         1    0.9956    0.9122  0.002938  0.001587 0.0003672
   142/199     1.95G   0.01304  0.006781  0.003156   0.02297        21       640    0.9959         1    0.9956    0.8997  0.003067   0.00164 0.0003751
   143/199     1.95G   0.01199  0.007032  0.002918   0.02194        16       640    0.9977         1    0.9956    0.9165  0.003883  0.001697 0.0003686
   144/199     1.95G   0.01382  0.006564  0.002189   0.02257        11       640    0.9977         1    0.9956    0.9097  0.003373  0.001676 0.0003717
   145/199     1.95G   0.01154  0.006467  0.003737   0.02174        15       640    0.9976         1    0.9957    0.9187  0.003227  0.001674 0.0003807
   146/199     1.95G   0.01347  0.006867  0.001849   0.02219        13       640    0.9961         1    0.9957    0.9195  0.003174  0.001598  0.000382
   147/199     1.95G   0.01145  0.006183  0.001515   0.01914        12       640    0.9959         1    0.9957    0.9252  0.003408  0.001596 0.0003689
   148/199     1.95G   0.01291  0.006227  0.004419   0.02356        13       640    0.9986         1    0.9957    0.9053  0.003009  0.001517 0.0003489
   149/199     1.95G   0.01528  0.006164  0.002922   0.02437        15       640    0.9977         1    0.9958    0.9264  0.002825   0.00149 0.0003422
   150/199     1.95G   0.01325  0.006439  0.001955   0.02164        13       640    0.9983         1    0.9958    0.9102  0.003465  0.001512 0.0003139
   151/199     1.95G   0.00957  0.006052   0.00165   0.01727        14       640    0.9994         1    0.9958    0.9194  0.002942  0.001493 0.0002879
   152/199     1.95G   0.01134  0.006839  0.001868   0.02004        18       640     0.998         1    0.9958    0.9241  0.002702   0.00151 0.0002773
   153/199     1.95G   0.01077  0.006474  0.001888   0.01913        16       640    0.9942         1    0.9958    0.9164  0.003905  0.001613 0.0002777
   154/199     1.95G   0.01243  0.006266  0.002532   0.02123        14       640     0.995         1    0.9958    0.9144  0.003184  0.001517 0.0002889
   155/199     1.95G  0.009899   0.00603   0.00176   0.01769        14       640    0.9961         1    0.9958    0.9195  0.002896  0.001471  0.000291
   156/199     1.95G   0.01161  0.006028  0.002219   0.01986        16       640    0.9962         1    0.9957    0.9173  0.002643   0.00148 0.0003022
   157/199     1.95G   0.01135   0.00626   0.00155   0.01916        17       640    0.9962         1    0.9958    0.9299  0.002692  0.001496 0.0003091
   158/199     1.95G   0.01176  0.006535  0.002838   0.02113        16       640    0.9965         1    0.9958    0.9393  0.002791  0.001517 0.0003049
   159/199     1.95G   0.01295  0.006031  0.002703   0.02168        16       640    0.9956         1    0.9958    0.9417  0.003174  0.001506 0.0003022
   160/199     1.95G  0.009893  0.006385  0.001287   0.01756        15       640    0.9988         1    0.9958    0.9372  0.002763  0.001438 0.0003138
   161/199     1.95G  0.009836  0.005973  0.001935   0.01774        11       640    0.9994         1    0.9959    0.9389  0.002556  0.001406 0.0003163
   162/199     1.95G   0.01148  0.006401   0.00143   0.01931        15       640    0.9973         1    0.9959    0.9356  0.003024  0.001428 0.0003125
   163/199     1.95G   0.01058  0.005771  0.001952    0.0183         8       640    0.9955         1    0.9959    0.9437  0.002481  0.001394 0.0003197
   164/199     1.95G  0.009331  0.006042  0.002061   0.01743        13       640    0.9936         1    0.9959    0.9264  0.002567  0.001399 0.0003321
   165/199     1.95G   0.01056  0.006848   0.00169    0.0191        15       640    0.9941         1    0.9959    0.9394  0.002561  0.001409 0.0003353
   166/199     1.95G   0.01123  0.006204  0.001451   0.01888        21       640    0.9954         1    0.9959     0.927  0.002625  0.001404 0.0003387
   167/199     1.95G  0.008231  0.005367 0.0008648   0.01446        15       640    0.9976         1    0.9959    0.9366  0.002678  0.001419 0.0003175
   168/199     1.95G   0.01087  0.006155  0.001179   0.01821        14       640    0.9987         1    0.9958    0.9429  0.002943  0.001479 0.0002861
   169/199     1.95G   0.01078  0.006387  0.001492   0.01866        17       640    0.9991         1    0.9958    0.9224  0.002894   0.00149 0.0002704
   170/199     1.95G  0.009978  0.005329  0.001423   0.01673        13       640    0.9994         1    0.9958    0.9371  0.003008  0.001495 0.0002535
   171/199     1.95G  0.008438  0.005729  0.001059   0.01523        10       640    0.9992         1    0.9958    0.9333  0.002286  0.001418 0.0002472
   172/199     1.95G  0.009015  0.005972 0.0008839   0.01587        17       640    0.9985         1    0.9958    0.9326  0.003075  0.001461 0.0002369
   173/199     1.95G   0.01136  0.005381  0.001083   0.01783        14       640    0.9991         1    0.9959    0.9418  0.002429  0.001405 0.0002296
   174/199     1.95G   0.01048  0.006106  0.001286   0.01788        11       640     0.998         1    0.9958    0.9136  0.002979  0.001455 0.0002225
   175/199     1.95G   0.01025   0.00554  0.001277   0.01707        14       640     0.999         1    0.9958    0.9007  0.002858  0.001464 0.0002141
   176/199     1.95G  0.009789  0.005566  0.002788   0.01814        14       640     0.999         1    0.9958    0.9149  0.003359  0.001497 0.0002082
   177/199     1.95G   0.01017  0.006043 0.0007758   0.01699        13       640    0.9983         1    0.9959    0.9316  0.002542  0.001407 0.0002013
   178/199     1.95G   0.01015  0.005973   0.00111   0.01724        18       640    0.9977         1    0.9959    0.9387  0.002603  0.001389 0.0001989
   179/199     1.95G   0.01115  0.005678  0.001195   0.01802        16       640    0.9971         1    0.9959    0.9448  0.002274  0.001364 0.0002007
   180/199     1.95G  0.009465  0.005804 0.0006876   0.01596        18       640    0.9959         1    0.9959    0.9468  0.002652  0.001387 0.0002091
   181/199     1.95G  0.009295   0.00575  0.001604   0.01665        16       640    0.9957         1    0.9959     0.938  0.002318  0.001349 0.0002159
   182/199     1.95G  0.008017  0.005306  0.001121   0.01444        16       640     0.996         1    0.9959     0.941  0.002435  0.001343  0.000221
   183/199     1.95G   0.01032  0.005575  0.001569   0.01746        16       640    0.9947         1    0.9959    0.9325  0.002873  0.001367 0.0002235
   184/199     1.95G    0.0114  0.005827   0.00176   0.01899        15       640    0.9932         1    0.9959    0.9323  0.002754  0.001378 0.0002332
   185/199     1.95G  0.008339  0.005924  0.001122   0.01538        13       640    0.9933         1     0.996    0.9316  0.002346  0.001351 0.0002373
   186/199     1.95G   0.00925  0.005721  0.001028     0.016        15       640    0.9956         1    0.9959     0.935  0.002419  0.001369 0.0002436
   187/199     1.95G  0.009202  0.006097  0.001868   0.01717        20       640    0.9971         1     0.996    0.9268  0.002596  0.001396 0.0002445
   188/199     1.95G   0.01099  0.006451 0.0009387   0.01838        15       640    0.9973         1     0.996    0.9201  0.002636  0.001413 0.0002467
   189/199     1.95G   0.01057  0.004948  0.001324   0.01685        18       640    0.9979         1     0.996    0.9382  0.002785  0.001444 0.0002387
   190/199     1.95G   0.01194  0.005641 0.0006663   0.01825        14       640    0.9988         1     0.996    0.9461   0.00235  0.001423 0.0002392
   191/199     1.95G   0.01254  0.005365 0.0008835   0.01879        12       640    0.9989         1     0.996    0.9469  0.002526  0.001407 0.0002353
   192/199     1.95G  0.008733  0.005202 0.0009032   0.01484        12       640    0.9996         1     0.996    0.9374  0.002364  0.001389 0.0002352
   193/199     1.95G   0.01097  0.005834  0.001203     0.018        16       640    0.9991         1     0.996    0.9357   0.00252  0.001405 0.0002344
   194/199     1.95G  0.009001  0.005261  0.001721   0.01598        16       640    0.9997         1     0.996    0.9334  0.002588  0.001371 0.0002306
   195/199     1.95G  0.009158  0.005786 0.0007191   0.01566        15       640    0.9996         1     0.996    0.9547  0.002621  0.001362 0.0002229
   196/199     1.95G   0.01062  0.005765  0.000641   0.01702        20       640    0.9993         1     0.996    0.9413  0.002398  0.001301 0.0002171
   197/199     1.95G  0.007573  0.005258  0.001021   0.01385        12       640    0.9981         1     0.996    0.9555  0.002361  0.001292 0.0002127
   198/199     1.95G   0.01064  0.005711  0.002523   0.01888        13       640    0.9979         1     0.996    0.9383  0.002303  0.001303 0.0002071
   199/199     1.95G  0.009972  0.005483  0.001151   0.01661        18       640    0.9972         1     0.996    0.9359  0.002432    0.0013 0.0002045
